For 100 features:
Accuracy = 0.6894409937888198
A_0 = 0.5942028985507246
A_1 = 0.7608695652173914
Balanced Accuracy = 0.677536231884058

For 37 features:
Accuracy = 0.6708074534161491
A_0 = 0.5362318840579711
A_1 = 0.7717391304347826
Balanced Accuracy = 0.6539855072463768