For 100 features, train:
Accuracy = 0.8006230529595015
A_0 = 0.75177304964539
A_1 = 0.8388888888888889
Balanced Accuracy = 0.7953309692671395

For 100 features, test:
Accuracy = 0.6894409937888198
A_0 = 0.5942028985507246
A_1 = 0.7608695652173914
Balanced Accuracy = 0.677536231884058

For 37 features, train:
Accuracy = 0.7258566978193146
A_0 = 0.6134751773049646
A_1 = 0.8138888888888889
Balanced Accuracy = 0.7136820330969267

For 37 features, test:
Accuracy = 0.6708074534161491
A_0 = 0.5362318840579711
A_1 = 0.7717391304347826
Balanced Accuracy = 0.6539855072463768